Org Defined ID,Attempt #,Q #,Answer,Score,Out Of,Feedback
1,1,IPC033-295 v1,SELECT name FROM Artist WHERE death_date IS NULL;,1,1," SEMANTICS MINOR ERROR: To make the query have correct semantics, it was changed to, ''. . This quiz was graded as an advanced quiz. We placed more weight on results, then semantics and finally syntax."
2,1,IPC033-295 v1,SELECT name FROM Artist WHERE death_date IS NULL;,1,1," SEMANTICS MINOR ERROR: To make the query have correct semantics, it was changed to, ''. . This quiz was graded as an advanced quiz. We placed more weight on results, then semantics and finally syntax."
3,1,IPC033-295 v1,SELECT name FROM Artist WHERE death_date = NULL;,0,1," SEMANTICS: The query does not have correct semantics. . This quiz was graded as an advanced quiz. We placed more weight on results, then semantics and finally syntax."
4,1,IPC033-295 v1,SELECT name FROM Artist WHERE death_date IS NULL;,1,1," SEMANTICS MINOR ERROR: To make the query have correct semantics, it was changed to, ''. . This quiz was graded as an advanced quiz. We placed more weight on results, then semantics and finally syntax."
5,1,IPC033-295 v1,SELECT name FROM Artist WHERE death_date = NULL;,0,1," SEMANTICS: The query does not have correct semantics. . This quiz was graded as an advanced quiz. We placed more weight on results, then semantics and finally syntax."
6,1,IPC033-295 v1,SELECT name  FROM Artist  WHERE death_date IS NULL ;,0.5,1,". This quiz was graded as an advanced quiz. We placed more weight on results, then semantics and finally syntax."
7,1,IPC033-295 v1,SELECT A.name FROM Artist A WHERE A.death_date IS NULL;,0,1," SEMANTICS: The query does not have correct semantics. . This quiz was graded as an advanced quiz. We placed more weight on results, then semantics and finally syntax."
8,1,IPC033-295 v1,SELECT name FROM Artist WHERE death_date IS NULL;,1,1," SEMANTICS MINOR ERROR: To make the query have correct semantics, it was changed to, ''. . This quiz was graded as an advanced quiz. We placed more weight on results, then semantics and finally syntax."
9,1,IPC033-295 v1,SELECT name FROM Artist WHERE death_date IS NULL;,1,1," SEMANTICS MINOR ERROR: To make the query have correct semantics, it was changed to, ''. . This quiz was graded as an advanced quiz. We placed more weight on results, then semantics and finally syntax."
10,1,IPC033-295 v1,SELECT name FROM Artist WHERE death_date IS NULL;,1,1," SEMANTICS MINOR ERROR: To make the query have correct semantics, it was changed to, ''. . This quiz was graded as an advanced quiz. We placed more weight on results, then semantics and finally syntax."
11,1,IPC033-295 v1,SELECT DISTINCT name FROM Artist WHERE death_date IS NULL;,0,1," SEMANTICS: The query does not have correct semantics. . This quiz was graded as an advanced quiz. We placed more weight on results, then semantics and finally syntax."
12,1,IPC033-295 v1,SELECT name FROM Artist WHERE NOT death_rate IS NULL;,0,1,"The query could not be executed. SEMANTICS: The query does not have correct semantics. . Binder Error: Referenced column ""death_rate"" not found in FROM clause!Candidate bindings: ""Artist.death_date""LINE 1: SELECT name FROM Artist WHERE NOT death_rate IS NULL;                                          ^. This quiz was graded as an advanced quiz. We placed more weight on results, then semantics and finally syntax."
13,1,IPC033-295 v1,SELECT name FROM Artist WHERE death_date = NULL;,0,1," SEMANTICS: The query does not have correct semantics. . This quiz was graded as an advanced quiz. We placed more weight on results, then semantics and finally syntax."
14,1,IPC033-295 v1,SELECT Artist.name FROM Artist WHERE Artist.death_date IS NOT NULL;,0,1," SEMANTICS: The query does not have correct semantics. . This quiz was graded as an advanced quiz. We placed more weight on results, then semantics and finally syntax."
15,1,IPC033-295 v1,SELECT Artist.name FROM Artist WHERE Artist.death_date IS NULL;,0,1," SEMANTICS: The query does not have correct semantics. . This quiz was graded as an advanced quiz. We placed more weight on results, then semantics and finally syntax."
16,1,IPC033-295 v1,SELECT name FROM Artist WHERE NOT death_date IS NULL,0,1," SEMANTICS: The query does not have correct semantics. . This quiz was graded as an advanced quiz. We placed more weight on results, then semantics and finally syntax."
17,1,IPC033-295 v1,SELECT name FROM Artist WHERE death_date IS NULL;,1,1," SEMANTICS MINOR ERROR: To make the query have correct semantics, it was changed to, ''. . This quiz was graded as an advanced quiz. We placed more weight on results, then semantics and finally syntax."
18,1,IPC033-295 v1,SELECT name FROM Artist WHERE death_date IS NULL;,1,1," SEMANTICS MINOR ERROR: To make the query have correct semantics, it was changed to, ''. . This quiz was graded as an advanced quiz. We placed more weight on results, then semantics and finally syntax."
19,1,IPC033-295 v1,SELECT Artist.name  FROM Artist WHERE Artist.death_date IS NULL;,0,1," SEMANTICS: The query does not have correct semantics. . This quiz was graded as an advanced quiz. We placed more weight on results, then semantics and finally syntax."
20,1,IPC033-295 v1,SELECT name FROM Artist  WHERE Artist.death_date = 'NULL';,0,1," SEMANTICS: The query does not have correct semantics. . This quiz was graded as an advanced quiz. We placed more weight on results, then semantics and finally syntax."
21,1,IPC033-295 v1,SELECT name FROM Artist WHERE Artist.death_date IS NULL;,0,1," SEMANTICS: The query does not have correct semantics. . This quiz was graded as an advanced quiz. We placed more weight on results, then semantics and finally syntax."
22,1,IPC033-295 v1,SELECT name FROM Artist WHERE death_date IS NULL;,1,1," SEMANTICS MINOR ERROR: To make the query have correct semantics, it was changed to, ''. . This quiz was graded as an advanced quiz. We placed more weight on results, then semantics and finally syntax."
23,1,IPC033-295 v1,SELECT name FROM Artist WHERE death_date IS NOT NULL,0,1," SEMANTICS: The query does not have correct semantics. . This quiz was graded as an advanced quiz. We placed more weight on results, then semantics and finally syntax."
24,1,IPC033-295 v1,SELECT name FROM Artist  WHERE death_date IS NULL;,1,1," SEMANTICS MINOR ERROR: To make the query have correct semantics, it was changed to, ''. . This quiz was graded as an advanced quiz. We placed more weight on results, then semantics and finally syntax."
25,1,IPC033-295 v1,SELECT name  FROM Artist WHERE death_date is NULL;,1,1," SEMANTICS MINOR ERROR: To make the query have correct semantics, it was changed to, ''. . This quiz was graded as an advanced quiz. We placed more weight on results, then semantics and finally syntax."
26,1,IPC033-295 v1,SELECT name FROM Artist WHERE death_date IS NULL;,1,1," SEMANTICS MINOR ERROR: To make the query have correct semantics, it was changed to, ''. . This quiz was graded as an advanced quiz. We placed more weight on results, then semantics and finally syntax."
27,1,IPC033-295 v1,SELECT name FROM Artist WHERE death_date IS NULL;,1,1," SEMANTICS MINOR ERROR: To make the query have correct semantics, it was changed to, ''. . This quiz was graded as an advanced quiz. We placed more weight on results, then semantics and finally syntax."
28,1,IPC033-295 v1,SELECT name FROM Artist WHERE Artist.death_date IS NULL;,0,1," SEMANTICS: The query does not have correct semantics. . This quiz was graded as an advanced quiz. We placed more weight on results, then semantics and finally syntax."
29,1,IPC033-295 v1,SELECT name FROM Artist WHERE death_date IS NULL;,1,1," SEMANTICS MINOR ERROR: To make the query have correct semantics, it was changed to, ''. . This quiz was graded as an advanced quiz. We placed more weight on results, then semantics and finally syntax."
30,1,IPC033-295 v1,SELECT name FROM Artist WHERE death_date IS NULL;,1,1," SEMANTICS MINOR ERROR: To make the query have correct semantics, it was changed to, ''. . This quiz was graded as an advanced quiz. We placed more weight on results, then semantics and finally syntax."
31,1,IPC033-295 v1,SELECT Artist.name FROM Artist WHERE Artist.death_date = NULL;,0,1," SEMANTICS: The query does not have correct semantics. . This quiz was graded as an advanced quiz. We placed more weight on results, then semantics and finally syntax."
32,1,IPC033-295 v1,SELECT name FROM Artist WHERE death_date IS NULL;,1,1," SEMANTICS MINOR ERROR: To make the query have correct semantics, it was changed to, ''. . This quiz was graded as an advanced quiz. We placed more weight on results, then semantics and finally syntax."
33,1,IPC033-295 v1,SELECT name  FROM Artist WHERE death_date IS NULL;,1,1," SEMANTICS MINOR ERROR: To make the query have correct semantics, it was changed to, ''. . This quiz was graded as an advanced quiz. We placed more weight on results, then semantics and finally syntax."
34,1,IPC033-295 v1,SELECT name FROM Artist WHERE death_date IS NULL;,1,1," SEMANTICS MINOR ERROR: To make the query have correct semantics, it was changed to, ''. . This quiz was graded as an advanced quiz. We placed more weight on results, then semantics and finally syntax."
35,1,IPC033-295 v1,SELECT name FROM Artist WHERE death_date IS NULL;,1,1," SEMANTICS MINOR ERROR: To make the query have correct semantics, it was changed to, ''. . This quiz was graded as an advanced quiz. We placed more weight on results, then semantics and finally syntax."
36,1,IPC033-295 v1,SELECT a.name FROM Artist a WHERE a.death_date IS NULL;,0,1," SEMANTICS: The query does not have correct semantics. . This quiz was graded as an advanced quiz. We placed more weight on results, then semantics and finally syntax."
37,1,IPC033-295 v1,SELECT name FROM Artist WHERE death_date IS NULL;,1,1," SEMANTICS MINOR ERROR: To make the query have correct semantics, it was changed to, ''. . This quiz was graded as an advanced quiz. We placed more weight on results, then semantics and finally syntax."
38,1,IPC033-295 v1,SELECT name FROM Artist WHERE death_date IS NULL;,1,1," SEMANTICS MINOR ERROR: To make the query have correct semantics, it was changed to, ''. . This quiz was graded as an advanced quiz. We placed more weight on results, then semantics and finally syntax."
39,1,IPC033-295 v1,SELECT Artist.name FROM Artist WHERE death_date = 'NULL';,0,1," SEMANTICS: The query does not have correct semantics. . This quiz was graded as an advanced quiz. We placed more weight on results, then semantics and finally syntax."
40,1,IPC033-295 v1,SELECT DISTINCT name FROM Artist WHERE Artist.death_date = NULL;,0,1," SEMANTICS: The query does not have correct semantics. . This quiz was graded as an advanced quiz. We placed more weight on results, then semantics and finally syntax."
41,1,IPC033-295 v1,SELECT name  FROM Artist WHERE death_date IS NULL,0.5,1,". This quiz was graded as an advanced quiz. We placed more weight on results, then semantics and finally syntax."
42,1,IPC033-295 v1,SELECT name FROM Artist WHERE death_date IS NOT NULL;,0.5,1,". This quiz was graded as an advanced quiz. We placed more weight on results, then semantics and finally syntax."
43,1,IPC033-295 v1,SELECT name FROM Artist WHERE death_date IS NULL;,1,1," SEMANTICS MINOR ERROR: To make the query have correct semantics, it was changed to, ''. . This quiz was graded as an advanced quiz. We placed more weight on results, then semantics and finally syntax."
44,1,IPC033-295 v1,SELECT name FROM Artist WHERE death_date IS NULL;,1,1," SEMANTICS MINOR ERROR: To make the query have correct semantics, it was changed to, ''. . This quiz was graded as an advanced quiz. We placed more weight on results, then semantics and finally syntax."
45,1,IPC033-295 v1,SELECT name FROM Artist WHERE death_date IS NULL;,1,1," SEMANTICS MINOR ERROR: To make the query have correct semantics, it was changed to, ''. . This quiz was graded as an advanced quiz. We placed more weight on results, then semantics and finally syntax."
46,1,IPC033-295 v1,SELECT DISTINCT name FROM Artist WHERE Artist.death_data IS NULL;,0,1,"The query could not be executed. SEMANTICS: The query does not have correct semantics. . Binder Error: Table ""Artist"" does not have a column named ""death_data""LINE 1: SELECT DISTINCT name FROM Artist WHERE Artist.death_data IS NULL;                                               ^. This quiz was graded as an advanced quiz. We placed more weight on results, then semantics and finally syntax."
47,1,IPC033-295 v1,SELECT name FROM Artist WHERE death_date IS NULL;,1,1," SEMANTICS MINOR ERROR: To make the query have correct semantics, it was changed to, ''. . This quiz was graded as an advanced quiz. We placed more weight on results, then semantics and finally syntax."
48,1,IPC033-295 v1,SELECT name FROM Artist WHERE Artist.death_date IS NULL;,0,1," SEMANTICS: The query does not have correct semantics. . This quiz was graded as an advanced quiz. We placed more weight on results, then semantics and finally syntax."
49,1,IPC033-295 v1,SELECT name FROM Artist WHERE death_date IS NULL;,1,1," SEMANTICS MINOR ERROR: To make the query have correct semantics, it was changed to, ''. . This quiz was graded as an advanced quiz. We placed more weight on results, then semantics and finally syntax."
50,1,IPC033-295 v1,SELECT name FROM Artist WHERE death_date IS NULL;,1,1," SEMANTICS MINOR ERROR: To make the query have correct semantics, it was changed to, ''. . This quiz was graded as an advanced quiz. We placed more weight on results, then semantics and finally syntax."
51,1,IPC033-295 v1,SELECT name FROM Artist WHERE death_date IS NULL;,1,1," SEMANTICS MINOR ERROR: To make the query have correct semantics, it was changed to, ''. . This quiz was graded as an advanced quiz. We placed more weight on results, then semantics and finally syntax."
52,1,IPC033-295 v1,SELECT name FROM Artist WHERE death_date IS NULL;,1,1," SEMANTICS MINOR ERROR: To make the query have correct semantics, it was changed to, ''. . This quiz was graded as an advanced quiz. We placed more weight on results, then semantics and finally syntax."
53,1,IPC033-295 v1,SELECT name FROM Artist WHERE death_date IS NULL;,1,1," SEMANTICS MINOR ERROR: To make the query have correct semantics, it was changed to, ''. . This quiz was graded as an advanced quiz. We placed more weight on results, then semantics and finally syntax."
54,1,IPC033-295 v1,SELECT * FROM Artist WHERE death_date IS NULL;,0.5,1,". This quiz was graded as an advanced quiz. We placed more weight on results, then semantics and finally syntax."
55,1,IPC033-295 v1,SELECT name FROM Artist WHERE death_date IS NULL;,1,1," SEMANTICS MINOR ERROR: To make the query have correct semantics, it was changed to, ''. . This quiz was graded as an advanced quiz. We placed more weight on results, then semantics and finally syntax."
56,1,IPC033-295 v1,SELECT name FROM Artist WHERE death_date IS NULL ;,0.5,1,". This quiz was graded as an advanced quiz. We placed more weight on results, then semantics and finally syntax."
57,1,IPC033-295 v1,SELECT name FROM Artist  Where death_date IS NULL;,1,1," SEMANTICS MINOR ERROR: To make the query have correct semantics, it was changed to, ''. . This quiz was graded as an advanced quiz. We placed more weight on results, then semantics and finally syntax."
58,1,IPC033-295 v1,SELECT name FROM Artist a WHERE a.death_date IS NULL;,0.5,1,". This quiz was graded as an advanced quiz. We placed more weight on results, then semantics and finally syntax."
59,1,IPC033-295 v1,select name from Artist where death_date is null;,1,1," SEMANTICS MINOR ERROR: To make the query have correct semantics, it was changed to, ''. . This quiz was graded as an advanced quiz. We placed more weight on results, then semantics and finally syntax."
60,1,IPC033-295 v1,SELECT name FROM Artist WHERE death_date NOT NULL;,0,1," SEMANTICS: Since the query is not parseable, we could not verify the semantics. . This quiz was graded as an advanced quiz. We placed more weight on results, then semantics and finally syntax."
61,1,IPC033-295 v1,SELECT name FROM Artist WHERE death_date IS NULL;,1,1," SEMANTICS MINOR ERROR: To make the query have correct semantics, it was changed to, ''. . This quiz was graded as an advanced quiz. We placed more weight on results, then semantics and finally syntax."
62,1,IPC033-295 v1,SELECT name  FROM Artist  WHERE death_date IS NULL;,1,1," SEMANTICS MINOR ERROR: To make the query have correct semantics, it was changed to, ''. . This quiz was graded as an advanced quiz. We placed more weight on results, then semantics and finally syntax."
63,1,IPC033-295 v1,SELECT name FROM Artist WHERE death_date IS NOT NULL;,1,1," SEMANTICS MINOR ERROR: To make the query have correct semantics, it was changed to, 'SELECT name FROM Artist WHERE death_date IS NULL;'. . This quiz was graded as an advanced quiz. We placed more weight on results, then semantics and finally syntax."
64,1,IPC033-295 v1,SELECT name FROM Artist WHERE death_date IS NULL;,1,1," SEMANTICS MINOR ERROR: To make the query have correct semantics, it was changed to, ''. . This quiz was graded as an advanced quiz. We placed more weight on results, then semantics and finally syntax."
65,1,IPC033-295 v1,SELECT Artist.name FROM Artist WHERE Artist.death_date IS NULL;,0,1," SEMANTICS: The query does not have correct semantics. . This quiz was graded as an advanced quiz. We placed more weight on results, then semantics and finally syntax."
66,1,IPC033-295 v1,SELECT name FROM Artist WHERE death_date IS NULL;,1,1," SEMANTICS MINOR ERROR: To make the query have correct semantics, it was changed to, ''. . This quiz was graded as an advanced quiz. We placed more weight on results, then semantics and finally syntax."
67,1,IPC033-295 v1,SELECT a.name  FROM Artist AS a WHERE a.death_date is NULL;,0,1," SEMANTICS: The query does not have correct semantics. . This quiz was graded as an advanced quiz. We placed more weight on results, then semantics and finally syntax."
68,1,IPC033-295 v1,SELECT name FROM Artist WHERE death_date is NULL;,1,1," SEMANTICS MINOR ERROR: To make the query have correct semantics, it was changed to, ''. . This quiz was graded as an advanced quiz. We placed more weight on results, then semantics and finally syntax."
69,1,IPC033-295 v1,SELECT name FROM Artist WHERE death_data IS NULL;,0.5,1,"The query could not be executed.. Binder Error: Referenced column ""death_data"" not found in FROM clause!Candidate bindings: ""Artist.death_date""LINE 1: SELECT name FROM Artist WHERE death_data IS NULL;                                      ^. This quiz was graded as an advanced quiz. We placed more weight on results, then semantics and finally syntax."
70,1,IPC033-295 v1,SELECT name FROM Artist WHERE death_date = NULL;,0,1," SEMANTICS: The query does not have correct semantics. . This quiz was graded as an advanced quiz. We placed more weight on results, then semantics and finally syntax."
71,1,IPC033-295 v1,SELECT name FROM Artist WHERE death_date = NULL;,0,1," SEMANTICS: The query does not have correct semantics. . This quiz was graded as an advanced quiz. We placed more weight on results, then semantics and finally syntax."
72,1,IPC033-295 v1,SELECT name FROM Artist WHERE death_date IS NULL ;,0.5,1,". This quiz was graded as an advanced quiz. We placed more weight on results, then semantics and finally syntax."
73,1,IPC033-295 v1,SELECT name FROM Artist WHERE death_date IS NULL;,1,1," SEMANTICS MINOR ERROR: To make the query have correct semantics, it was changed to, ''. . This quiz was graded as an advanced quiz. We placed more weight on results, then semantics and finally syntax."
74,1,IPC033-295 v1,SELECT name FROM Artist WHERE death_date IS NULL;,1,1," SEMANTICS MINOR ERROR: To make the query have correct semantics, it was changed to, ''. . This quiz was graded as an advanced quiz. We placed more weight on results, then semantics and finally syntax."
75,1,IPC033-295 v1,SELECT name FROM Artist WHERE death_date IS NULL;,1,1," SEMANTICS MINOR ERROR: To make the query have correct semantics, it was changed to, ''. . This quiz was graded as an advanced quiz. We placed more weight on results, then semantics and finally syntax."
76,1,IPC033-295 v1,SELECT name FROM Artist WHERE death_date IS NULL;,1,1," SEMANTICS MINOR ERROR: To make the query have correct semantics, it was changed to, ''. . This quiz was graded as an advanced quiz. We placed more weight on results, then semantics and finally syntax."
77,1,IPC033-295 v1,SELECT name FROM Artist WHERE Artist.death_date IS NULL;,0,1," SEMANTICS: The query does not have correct semantics. . This quiz was graded as an advanced quiz. We placed more weight on results, then semantics and finally syntax."
78,1,IPC033-295 v1,SELECT name FROM Artist WHERE death_date IS NULL;,1,1," SEMANTICS MINOR ERROR: To make the query have correct semantics, it was changed to, ''. . This quiz was graded as an advanced quiz. We placed more weight on results, then semantics and finally syntax."
80,1,IPC033-295 v1,SELECT name FROM Artist WHERE death_date IS NULL;,1,1," SEMANTICS MINOR ERROR: To make the query have correct semantics, it was changed to, ''. . This quiz was graded as an advanced quiz. We placed more weight on results, then semantics and finally syntax."
81,1,IPC033-295 v1,SELECT name FROM Artist  WHERE death_date IS NULL;,1,1," SEMANTICS MINOR ERROR: To make the query have correct semantics, it was changed to, ''. . This quiz was graded as an advanced quiz. We placed more weight on results, then semantics and finally syntax."
82,1,IPC033-295 v1,SELECT name FROM Artist WHERE death_date IS NULL;,1,1," SEMANTICS MINOR ERROR: To make the query have correct semantics, it was changed to, ''. . This quiz was graded as an advanced quiz. We placed more weight on results, then semantics and finally syntax."
83,1,IPC033-295 v1,SELECT name FROM Artist WHERE death_date IS NULL,0.5,1,". This quiz was graded as an advanced quiz. We placed more weight on results, then semantics and finally syntax."
84,1,IPC033-295 v1,SELECT name FROM Artist WHERE death_date IS NULL;,1,1," SEMANTICS MINOR ERROR: To make the query have correct semantics, it was changed to, ''. . This quiz was graded as an advanced quiz. We placed more weight on results, then semantics and finally syntax."
85,1,IPC033-295 v1,SELECT name FROM Artist WHERE death_date IS NULL;,1,1," SEMANTICS MINOR ERROR: To make the query have correct semantics, it was changed to, ''. . This quiz was graded as an advanced quiz. We placed more weight on results, then semantics and finally syntax."
86,1,IPC033-295 v1,SELECT name FROM Artist WHERE death_date IS NULL;,1,1," SEMANTICS MINOR ERROR: To make the query have correct semantics, it was changed to, ''. . This quiz was graded as an advanced quiz. We placed more weight on results, then semantics and finally syntax."
87,1,IPC033-295 v1,SELECT name FROM Artist WHERE death_date  IS NULL;,1,1," SEMANTICS MINOR ERROR: To make the query have correct semantics, it was changed to, ''. . This quiz was graded as an advanced quiz. We placed more weight on results, then semantics and finally syntax."
88,1,IPC033-295 v1,SELECT name FROM Artist WHERE death_date IS NULL;,1,1," SEMANTICS MINOR ERROR: To make the query have correct semantics, it was changed to, ''. . This quiz was graded as an advanced quiz. We placed more weight on results, then semantics and finally syntax."
89,1,IPC033-295 v1,SELECT Artist.name FROM Artist WHERE Artist.death_date IS NULL;,0,1," SEMANTICS: The query does not have correct semantics. . This quiz was graded as an advanced quiz. We placed more weight on results, then semantics and finally syntax."
90,1,IPC033-295 v1,SELECT name FROM Artist WHERE death_date IS NULL;,1,1," SEMANTICS MINOR ERROR: To make the query have correct semantics, it was changed to, ''. . This quiz was graded as an advanced quiz. We placed more weight on results, then semantics and finally syntax."
91,1,IPC033-295 v1,SELECT name FROM Artist WHERE death_date IS NOT NULL;,1,1," SEMANTICS MINOR ERROR: To make the query have correct semantics, it was changed to, 'SELECT name FROM Artist WHERE death_date IS NULL;'. . This quiz was graded as an advanced quiz. We placed more weight on results, then semantics and finally syntax."
92,1,IPC033-295 v1,SELECT name FROM Artist WHERE death_date IS NULL;,1,1," SEMANTICS MINOR ERROR: To make the query have correct semantics, it was changed to, ''. . This quiz was graded as an advanced quiz. We placed more weight on results, then semantics and finally syntax."
93,1,IPC033-295 v1,SELECT name FROM Artist  WHERE NOT death_date IS NULL;,0.5,1,". This quiz was graded as an advanced quiz. We placed more weight on results, then semantics and finally syntax."
94,1,IPC033-295 v1,SELECT name FROM Artist WHERE death_date IS NULL;,1,1," SEMANTICS MINOR ERROR: To make the query have correct semantics, it was changed to, ''. . This quiz was graded as an advanced quiz. We placed more weight on results, then semantics and finally syntax."
95,1,IPC033-295 v1,SELECT A.name FROM Artist A WHERE A.death_date IS NULL;,0.5,1,". This quiz was graded as an advanced quiz. We placed more weight on results, then semantics and finally syntax."
96,1,IPC033-295 v1,SELECT A.name FROM Artist A WHERE A.death_date IS NULL;,1,1," SEMANTICS MINOR ERROR: To make the query have correct semantics, it was changed to, 'SELECT name FROM Artist a WHERE a.death_date IS NULL;'. . This quiz was graded as an advanced quiz. We placed more weight on results, then semantics and finally syntax."
97,1,IPC033-295 v1,SELECT name FROM Artist WHERE death_date IS NULL;,1,1," SEMANTICS MINOR ERROR: To make the query have correct semantics, it was changed to, ''. . This quiz was graded as an advanced quiz. We placed more weight on results, then semantics and finally syntax."
98,1,IPC033-295 v1,SELECT name  FROM Artist WHERE death_date IS NULL;,1,1," SEMANTICS MINOR ERROR: To make the query have correct semantics, it was changed to, ''. . This quiz was graded as an advanced quiz. We placed more weight on results, then semantics and finally syntax."
99,1,IPC033-295 v1,SELECT name FROM Artist WHERE death_date IS NULL;,1,1," SEMANTICS MINOR ERROR: To make the query have correct semantics, it was changed to, ''. . This quiz was graded as an advanced quiz. We placed more weight on results, then semantics and finally syntax."
100,1,IPC033-295 v1,SELECT name FROM Artist WHERE death_date IS NOT NULL,0.5,1,". This quiz was graded as an advanced quiz. We placed more weight on results, then semantics and finally syntax."
101,1,IPC033-295 v1,SELECT name FROM Artist WHERE death_date IS NULL;,1,1," SEMANTICS MINOR ERROR: To make the query have correct semantics, it was changed to, ''. . This quiz was graded as an advanced quiz. We placed more weight on results, then semantics and finally syntax."
102,1,IPC033-295 v1,SELECT name FROM Artist WHERE death_date IS NULL;,1,1," SEMANTICS MINOR ERROR: To make the query have correct semantics, it was changed to, ''. . This quiz was graded as an advanced quiz. We placed more weight on results, then semantics and finally syntax."
103,1,IPC033-295 v1,SELECT Artist.name FROM Artist WHERE Artist.death_date IS NULL;,0,1," SEMANTICS: The query does not have correct semantics. . This quiz was graded as an advanced quiz. We placed more weight on results, then semantics and finally syntax."
104,1,IPC033-295 v1,SELECT Artist.name FROM Artist WHERE Artist.death_date IS NULL;,0,1," SEMANTICS: The query does not have correct semantics. . This quiz was graded as an advanced quiz. We placed more weight on results, then semantics and finally syntax."
106,1,IPC033-295 v1,SELECT name FROM Artist WHERE death_date IS NULL;,1,1," SEMANTICS MINOR ERROR: To make the query have correct semantics, it was changed to, ''. . This quiz was graded as an advanced quiz. We placed more weight on results, then semantics and finally syntax."
107,1,IPC033-295 v1,SELECT name FROM Artist WHERE death_date IS NULL ;,0.5,1,". This quiz was graded as an advanced quiz. We placed more weight on results, then semantics and finally syntax."
108,1,IPC033-295 v1,Select name  From Artist  WHERE death_date = NULL ;,0,1," SEMANTICS: The query does not have correct semantics. . This quiz was graded as an advanced quiz. We placed more weight on results, then semantics and finally syntax."
109,1,IPC033-295 v1,SELECT * FROM Artist WHERE death_date NOT NULL;,0,1," SEMANTICS: Since the query is not parseable, we could not verify the semantics. . This quiz was graded as an advanced quiz. We placed more weight on results, then semantics and finally syntax."
110,1,IPC033-295 v1,SELECT name FROM Artist WHERE death_date IS NULL;,1,1," SEMANTICS MINOR ERROR: To make the query have correct semantics, it was changed to, ''. . This quiz was graded as an advanced quiz. We placed more weight on results, then semantics and finally syntax."
111,1,IPC033-295 v1,SELECT name FROM Artist  WHERE death_date IS NULL,0.5,1,". This quiz was graded as an advanced quiz. We placed more weight on results, then semantics and finally syntax."
112,1,IPC033-295 v1,SELECT name FROM Artist WHERE death_date IS NULL;,1,1," SEMANTICS MINOR ERROR: To make the query have correct semantics, it was changed to, ''. . This quiz was graded as an advanced quiz. We placed more weight on results, then semantics and finally syntax."
113,1,IPC033-295 v1,SELECT name FROM Artist WHERE death_date IS NULL;,1,1," SEMANTICS MINOR ERROR: To make the query have correct semantics, it was changed to, ''. . This quiz was graded as an advanced quiz. We placed more weight on results, then semantics and finally syntax."
114,1,IPC033-295 v1,SELECT A.name  FROM Artist A WHERE A.death_date IS NULL;,1,1," SEMANTICS MINOR ERROR: To make the query have correct semantics, it was changed to, 'SELECT name FROM Artist a WHERE a.death_date IS NULL;'. . This quiz was graded as an advanced quiz. We placed more weight on results, then semantics and finally syntax."
115,1,IPC033-295 v1,SELECT name FROM Artist WHERE death_date IS NULL;,1,1," SEMANTICS MINOR ERROR: To make the query have correct semantics, it was changed to, ''. . This quiz was graded as an advanced quiz. We placed more weight on results, then semantics and finally syntax."
116,1,IPC033-295 v1,SELECT name FROM Artist WHERE death_date IS NULL;,1,1," SEMANTICS MINOR ERROR: To make the query have correct semantics, it was changed to, ''. . This quiz was graded as an advanced quiz. We placed more weight on results, then semantics and finally syntax."
117,1,IPC033-295 v1,SELECT name FROM Artist WHERE death_date IS NULL;,1,1," SEMANTICS MINOR ERROR: To make the query have correct semantics, it was changed to, ''. . This quiz was graded as an advanced quiz. We placed more weight on results, then semantics and finally syntax."
118,1,IPC033-295 v1,SELECT name FROM Artist WHERE death_date IS NULL;,1,1," SEMANTICS MINOR ERROR: To make the query have correct semantics, it was changed to, ''. . This quiz was graded as an advanced quiz. We placed more weight on results, then semantics and finally syntax."
119,1,IPC033-295 v1,SELECT name FROM Artist WHERE death_date IS NULL;,1,1," SEMANTICS MINOR ERROR: To make the query have correct semantics, it was changed to, ''. . This quiz was graded as an advanced quiz. We placed more weight on results, then semantics and finally syntax."
120,1,IPC033-295 v1,SELECT name FROM Artist  WHERE death_date IS NULL ;,0.5,1,". This quiz was graded as an advanced quiz. We placed more weight on results, then semantics and finally syntax."
121,1,IPC033-295 v1,SELECT name FROM Artist WHERE NOT death_date IS NULL;,1,1," SEMANTICS MINOR ERROR: To make the query have correct semantics, it was changed to, 'SELECT name FROM Artist WHERE death_date IS NULL;'. . This quiz was graded as an advanced quiz. We placed more weight on results, then semantics and finally syntax."
122,1,IPC033-295 v1,SELECT name FROM Artist WHERE death_date IS NULL;,1,1," SEMANTICS MINOR ERROR: To make the query have correct semantics, it was changed to, ''. . This quiz was graded as an advanced quiz. We placed more weight on results, then semantics and finally syntax."
123,1,IPC033-295 v1,select A.name  from Artist A  where A.death_date is NULL;,1,1," SEMANTICS MINOR ERROR: To make the query have correct semantics, it was changed to, 'SELECT name FROM Artist a WHERE a.death_date IS NULL;'. . This quiz was graded as an advanced quiz. We placed more weight on results, then semantics and finally syntax."
124,1,IPC033-295 v1,SELECT name FROM Artist WHERE death_date IS NULL,0.5,1,". This quiz was graded as an advanced quiz. We placed more weight on results, then semantics and finally syntax."
125,1,IPC033-295 v1,SELECT name FROM Artist a WHERE a.death_date IS NULL;,1,1," SEMANTICS MINOR ERROR: To make the query have correct semantics, it was changed to, 'SELECT name FROM Artist WHERE death_date IS NULL;'. . This quiz was graded as an advanced quiz. We placed more weight on results, then semantics and finally syntax."
126,1,IPC033-295 v1,SELECT name FROM Artist WHERE death_date IS NULL;,1,1," SEMANTICS MINOR ERROR: To make the query have correct semantics, it was changed to, ''. . This quiz was graded as an advanced quiz. We placed more weight on results, then semantics and finally syntax."
127,1,IPC033-295 v1,SELECT A.name FROM Artist A WHERE A.death_date IS NULL;,1,1," SEMANTICS MINOR ERROR: To make the query have correct semantics, it was changed to, 'SELECT name FROM Artist a WHERE a.death_date IS NULL;'. . This quiz was graded as an advanced quiz. We placed more weight on results, then semantics and finally syntax."
128,1,IPC033-295 v1,SELECT name FROM Artist WHERE death_date IS NULL;,1,1," SEMANTICS MINOR ERROR: To make the query have correct semantics, it was changed to, ''. . This quiz was graded as an advanced quiz. We placed more weight on results, then semantics and finally syntax."
129,1,IPC033-295 v1,SELECT name FROM Artist A WHERE A.death_deat = NULL;,0,1,"The query could not be executed. SEMANTICS: The query does not have correct semantics. . Binder Error: Table ""A"" does not have a column named ""death_deat""LINE 1: SELECT name FROM Artist A WHERE A.death_deat = NULL;                                        ^. This quiz was graded as an advanced quiz. We placed more weight on results, then semantics and finally syntax."
130,1,IPC033-295 v1,SELECT name FROM Artist WHERE Artist.death_date IS NULL;,0,1," SEMANTICS: The query does not have correct semantics. . This quiz was graded as an advanced quiz. We placed more weight on results, then semantics and finally syntax."
131,1,IPC033-295 v1,SELECT name FROM Artist WHERE death_date IS NULL;,1,1," SEMANTICS MINOR ERROR: To make the query have correct semantics, it was changed to, ''. . This quiz was graded as an advanced quiz. We placed more weight on results, then semantics and finally syntax."
132,1,IPC033-295 v1,SELECT name FROM Artist WHERE death_date IS NULL;,1,1," SEMANTICS MINOR ERROR: To make the query have correct semantics, it was changed to, ''. . This quiz was graded as an advanced quiz. We placed more weight on results, then semantics and finally syntax."
133,1,IPC033-295 v1,SELECT A.name FROM Artist A WHERE A.death_date IS NULL;,1,1," SEMANTICS MINOR ERROR: To make the query have correct semantics, it was changed to, 'SELECT name FROM Artist a WHERE a.death_date IS NULL;'. . This quiz was graded as an advanced quiz. We placed more weight on results, then semantics and finally syntax."
134,1,IPC033-295 v1,SELECT name FROM Artist WHERE death_date IS NULL;,1,1," SEMANTICS MINOR ERROR: To make the query have correct semantics, it was changed to, ''. . This quiz was graded as an advanced quiz. We placed more weight on results, then semantics and finally syntax."
135,1,IPC033-295 v1,SELECT name FROM Artist WHERE death_date IS NULL;,1,1," SEMANTICS MINOR ERROR: To make the query have correct semantics, it was changed to, ''. . This quiz was graded as an advanced quiz. We placed more weight on results, then semantics and finally syntax."
136,1,IPC033-295 v1,SELECT name FROM Artist WHERE death_date = ¨NULL¨;,0,1,"The query could not be executed. SEMANTICS: The query does not have correct semantics. . Binder Error: Referenced column ""¨NULL¨"" not found in FROM clause!Candidate bindings: ""Artist.name""LINE 1: ...ECT name FROM Artist WHERE death_date = ¨NULL¨;                                                   ^. This quiz was graded as an advanced quiz. We placed more weight on results, then semantics and finally syntax."
137,1,IPC033-295 v1,SELECT name FROM Artist WHERE death_date = NULL;,0,1," SEMANTICS: The query does not have correct semantics. . This quiz was graded as an advanced quiz. We placed more weight on results, then semantics and finally syntax."
138,1,IPC033-295 v1,SELECT Artist.name FROM Artist WHERE Artist.death_date IS NULL;,0,1," SEMANTICS: The query does not have correct semantics. . This quiz was graded as an advanced quiz. We placed more weight on results, then semantics and finally syntax."
139,1,IPC033-295 v1,SELECT name FROM Artist WHERE death_date IS NULL;,1,1," SEMANTICS MINOR ERROR: To make the query have correct semantics, it was changed to, ''. . This quiz was graded as an advanced quiz. We placed more weight on results, then semantics and finally syntax."
140,1,IPC033-295 v1,SELECT Name FROM Artist WHERE death_date IS NULL ;,0.5,1,". This quiz was graded as an advanced quiz. We placed more weight on results, then semantics and finally syntax."
141,1,IPC033-295 v1,SELECT name FROM Artist WHERE death_date == NULL;,0,1," SEMANTICS: The query does not have correct semantics. . This quiz was graded as an advanced quiz. We placed more weight on results, then semantics and finally syntax."
142,1,IPC033-295 v1,SELECT name  FROM Artist WHERE death_date IS NULL;,1,1," SEMANTICS MINOR ERROR: To make the query have correct semantics, it was changed to, ''. . This quiz was graded as an advanced quiz. We placed more weight on results, then semantics and finally syntax."
143,1,IPC033-295 v1,SELECT name FROM Artist WHERE death_date = NULL;,0,1," SEMANTICS: The query does not have correct semantics. . This quiz was graded as an advanced quiz. We placed more weight on results, then semantics and finally syntax."
144,1,IPC033-295 v1,SELECT name FROM Artist WHERE death_date IS NULL;,1,1," SEMANTICS MINOR ERROR: To make the query have correct semantics, it was changed to, ''. . This quiz was graded as an advanced quiz. We placed more weight on results, then semantics and finally syntax."
145,1,IPC033-295 v1,SELECT name FROM Artist WHERE death_date IS NULL;,1,1," SEMANTICS MINOR ERROR: To make the query have correct semantics, it was changed to, ''. . This quiz was graded as an advanced quiz. We placed more weight on results, then semantics and finally syntax."
146,1,IPC033-295 v1,SELECT name FROM Artist WHERE Artist.death_date IS NULL;,0,1," SEMANTICS: The query does not have correct semantics. . This quiz was graded as an advanced quiz. We placed more weight on results, then semantics and finally syntax."
147,1,IPC033-295 v1,SELECT name  FROM Artist WHERE death_date IS NULL;,1,1," SEMANTICS MINOR ERROR: To make the query have correct semantics, it was changed to, ''. . This quiz was graded as an advanced quiz. We placed more weight on results, then semantics and finally syntax."
148,1,IPC033-295 v1,SELECT name FROM Artist WHERE death_date IS NULL;,1,1," SEMANTICS MINOR ERROR: To make the query have correct semantics, it was changed to, ''. . This quiz was graded as an advanced quiz. We placed more weight on results, then semantics and finally syntax."
149,1,IPC033-295 v1,SELECT name FROM Artist WHERE death_date IS NULL;,1,1," SEMANTICS MINOR ERROR: To make the query have correct semantics, it was changed to, ''. . This quiz was graded as an advanced quiz. We placed more weight on results, then semantics and finally syntax."
150,1,IPC033-295 v1,SELECT name FROM Artist WHERE death_date IS NULL;,1,1," SEMANTICS MINOR ERROR: To make the query have correct semantics, it was changed to, ''. . This quiz was graded as an advanced quiz. We placed more weight on results, then semantics and finally syntax."
151,1,IPC033-295 v1,SELECT name FROM Artist WHERE death_date IS NULL;,1,1," SEMANTICS MINOR ERROR: To make the query have correct semantics, it was changed to, ''. . This quiz was graded as an advanced quiz. We placed more weight on results, then semantics and finally syntax."
152,1,IPC033-295 v1,SELECT DISTINCT A.name FROM Artist A WHERE A.death_date IS NULL;,0,1," SEMANTICS: The query does not have correct semantics. . This quiz was graded as an advanced quiz. We placed more weight on results, then semantics and finally syntax."
153,1,IPC033-295 v1,SELECT name FROM Artist WHERE death_date IS NULL ;,0.5,1,". This quiz was graded as an advanced quiz. We placed more weight on results, then semantics and finally syntax."
154,1,IPC033-295 v1,SELECT name FROM Artist WHERE death_date IS NULL;,1,1," SEMANTICS MINOR ERROR: To make the query have correct semantics, it was changed to, ''. . This quiz was graded as an advanced quiz. We placed more weight on results, then semantics and finally syntax."
155,1,IPC033-295 v1,SELECT name FROM Artist A WHERE death_date IS NULL;,0.5,1,". This quiz was graded as an advanced quiz. We placed more weight on results, then semantics and finally syntax."
156,1,IPC033-295 v1,SELECT name FROM Artist WHERE death_date IS NULL;,1,1," SEMANTICS MINOR ERROR: To make the query have correct semantics, it was changed to, ''. . This quiz was graded as an advanced quiz. We placed more weight on results, then semantics and finally syntax."
157,1,IPC033-295 v1,SELECT A.name FROM Artist A WHERE A.death_date IS NULL;,1,1," SEMANTICS MINOR ERROR: To make the query have correct semantics, it was changed to, 'SELECT name FROM Artist a WHERE a.death_date IS NULL;'. . This quiz was graded as an advanced quiz. We placed more weight on results, then semantics and finally syntax."
158,1,IPC033-295 v1,SELECT name FROM Artist WHERE death_date IS NULL;,1,1," SEMANTICS MINOR ERROR: To make the query have correct semantics, it was changed to, ''. . This quiz was graded as an advanced quiz. We placed more weight on results, then semantics and finally syntax."
159,1,IPC033-295 v1,SELECT name FROM artist WHERE death_date IS NULL;,1,1," SEMANTICS MINOR ERROR: To make the query have correct semantics, it was changed to, ''. . This quiz was graded as an advanced quiz. We placed more weight on results, then semantics and finally syntax."
160,1,IPC033-295 v1,SELECT DISTINCT name FROM Artist WHERE death_date IS NULL;,0,1," SEMANTICS: The query does not have correct semantics. . This quiz was graded as an advanced quiz. We placed more weight on results, then semantics and finally syntax."
161,1,IPC033-295 v1,SELECT name FROM Artist WHERE death_date IS NULL;,1,1," SEMANTICS MINOR ERROR: To make the query have correct semantics, it was changed to, ''. . This quiz was graded as an advanced quiz. We placed more weight on results, then semantics and finally syntax."
162,1,IPC033-295 v1,SELECT name FROM Artist WHERE Artist.death_date IS NULL;,0,1," SEMANTICS: The query does not have correct semantics. . This quiz was graded as an advanced quiz. We placed more weight on results, then semantics and finally syntax."
163,1,IPC033-295 v1,SELECT name FROM Artist WHERE death_date IS NULL;,1,1," SEMANTICS MINOR ERROR: To make the query have correct semantics, it was changed to, ''. . This quiz was graded as an advanced quiz. We placed more weight on results, then semantics and finally syntax."
164,1,IPC033-295 v1,SELECT name  FROM Artist WHERE death_date IS NULL;,1,1," SEMANTICS MINOR ERROR: To make the query have correct semantics, it was changed to, ''. . This quiz was graded as an advanced quiz. We placed more weight on results, then semantics and finally syntax."
165,1,IPC033-295 v1,SELECT name  FROM Artist WHERE death_date IS NULL,0.5,1,". This quiz was graded as an advanced quiz. We placed more weight on results, then semantics and finally syntax."
166,1,IPC033-295 v1,SELECT name FROM Artist WHERE death_date IS NULL;,1,1," SEMANTICS MINOR ERROR: To make the query have correct semantics, it was changed to, ''. . This quiz was graded as an advanced quiz. We placed more weight on results, then semantics and finally syntax."
167,1,IPC033-295 v1,SELECT name  FROM artist  WHERE death_date is null;,1,1," SEMANTICS MINOR ERROR: To make the query have correct semantics, it was changed to, ''. . This quiz was graded as an advanced quiz. We placed more weight on results, then semantics and finally syntax."
168,1,IPC033-295 v1,SELECT name FROM Artist WHERE death_date IS NULL,0.5,1,". This quiz was graded as an advanced quiz. We placed more weight on results, then semantics and finally syntax."
169,1,IPC033-295 v1,SELECT name FROM Artist WHERE death_date IS NULL;,1,1," SEMANTICS MINOR ERROR: To make the query have correct semantics, it was changed to, ''. . This quiz was graded as an advanced quiz. We placed more weight on results, then semantics and finally syntax."
170,1,IPC033-295 v1,SELECT name FROM artist WHERE death_date IS NULL;,1,1," SEMANTICS MINOR ERROR: To make the query have correct semantics, it was changed to, ''. . This quiz was graded as an advanced quiz. We placed more weight on results, then semantics and finally syntax."
171,1,IPC033-295 v1,SELECT name FROM Artist WHERE death_date IS NULL;,1,1," SEMANTICS MINOR ERROR: To make the query have correct semantics, it was changed to, ''. . This quiz was graded as an advanced quiz. We placed more weight on results, then semantics and finally syntax."
172,1,IPC033-295 v1,SELECT name  FROM Artist  WHERE death_date=NULL;,0,1," SEMANTICS: The query does not have correct semantics. . This quiz was graded as an advanced quiz. We placed more weight on results, then semantics and finally syntax."
173,1,IPC033-295 v1,SELECT name FROM Artist WHERE death_date IS NULL;,1,1," SEMANTICS MINOR ERROR: To make the query have correct semantics, it was changed to, ''. . This quiz was graded as an advanced quiz. We placed more weight on results, then semantics and finally syntax."
174,1,IPC033-295 v1,SELECT name FROM Artist WHERE death_date IS NULL,0.5,1,". This quiz was graded as an advanced quiz. We placed more weight on results, then semantics and finally syntax."
175,1,IPC033-295 v1,SELECT Artist.name FROM Artist WHERE Artist.death_date IS NULL;,0,1," SEMANTICS: The query does not have correct semantics. . This quiz was graded as an advanced quiz. We placed more weight on results, then semantics and finally syntax."
176,1,IPC033-295 v1,select name from Artist where death_date is null;,1,1," SEMANTICS MINOR ERROR: To make the query have correct semantics, it was changed to, ''. . This quiz was graded as an advanced quiz. We placed more weight on results, then semantics and finally syntax."
177,1,IPC033-295 v1,SELECT name FROM Artist WHERE death_date = NULL;,0,1," SEMANTICS: The query does not have correct semantics. . This quiz was graded as an advanced quiz. We placed more weight on results, then semantics and finally syntax."
178,1,IPC033-295 v1,SELECT name FROM Artist WHERE death_date = ´NULL´;,0,1,"The query could not be executed. SEMANTICS: The query does not have correct semantics. . Binder Error: Referenced column ""´NULL´"" not found in FROM clause!Candidate bindings: ""Artist.name""LINE 1: ...ECT name FROM Artist WHERE death_date = ´NULL´;                                                   ^. This quiz was graded as an advanced quiz. We placed more weight on results, then semantics and finally syntax."
179,1,IPC033-295 v1,SELECT Artists.name FROM Artist WHERE Artist.death_date IS NULL;,0,1,"The query could not be executed. SEMANTICS: The query does not have correct semantics. . Binder Error: Referenced table ""Artists"" not found!Candidate tables: ""Artist""LINE 1: SELECT Artists.name FROM Artist WHERE Artist.d...               ^. This quiz was graded as an advanced quiz. We placed more weight on results, then semantics and finally syntax."
180,1,IPC033-295 v1,SELECT name FROM Artist WHERE death_date = NULL;,0,1," SEMANTICS: The query does not have correct semantics. . This quiz was graded as an advanced quiz. We placed more weight on results, then semantics and finally syntax."
181,1,IPC033-295 v1,SELECT name FROM Artist WHERE death_date = NULL;,0,1," SEMANTICS: The query does not have correct semantics. . This quiz was graded as an advanced quiz. We placed more weight on results, then semantics and finally syntax."
182,1,IPC033-295 v1,SELECT name FROM Artists WHERE death_date IS NULL;,0.5,1,"The query could not be executed.. Catalog Error: Table with name Artists does not exist!Did you mean ""Artist""?LINE 1: SELECT name FROM Artists WHERE death_date IS NULL;                         ^. This quiz was graded as an advanced quiz. We placed more weight on results, then semantics and finally syntax."
183,1,IPC033-295 v1,SELECT name FROM Artist WHERE death_date IS NULL;,1,1," SEMANTICS MINOR ERROR: To make the query have correct semantics, it was changed to, ''. . This quiz was graded as an advanced quiz. We placed more weight on results, then semantics and finally syntax."
184,1,IPC033-295 v1,SELECT name FROM Artist WHERE death_date IS NULL;,1,1," SEMANTICS MINOR ERROR: To make the query have correct semantics, it was changed to, ''. . This quiz was graded as an advanced quiz. We placed more weight on results, then semantics and finally syntax."
185,1,IPC033-295 v1,SELECT Artist.name FROM Artist.death_date WHERE Artist.death_date = NULL;,0,1,"The query could not be executed. SEMANTICS: The query does not have correct semantics. . Catalog Error: Table with name death_date does not exist!Did you mean ""temp.information_schema.tables""?LINE 1: SELECT Artist.name FROM Artist.death_date WHERE Artist.death_da...                                ^. This quiz was graded as an advanced quiz. We placed more weight on results, then semantics and finally syntax."
186,1,IPC033-295 v1,SELECT name FROM Artist WHERE death_date IS NULL;,1,1," SEMANTICS MINOR ERROR: To make the query have correct semantics, it was changed to, ''. . This quiz was graded as an advanced quiz. We placed more weight on results, then semantics and finally syntax."
187,1,IPC033-295 v1,SELECT name FROM Artist WHERE death_date IS NULL,0.5,1,". This quiz was graded as an advanced quiz. We placed more weight on results, then semantics and finally syntax."
188,1,IPC033-295 v1,SELECT name FROM Artist WHERE death_date IS NULL;,1,1," SEMANTICS MINOR ERROR: To make the query have correct semantics, it was changed to, ''. . This quiz was graded as an advanced quiz. We placed more weight on results, then semantics and finally syntax."
189,1,IPC033-295 v1,SELECT name FROM Artist WHERE death_date IS NULL;,1,1," SEMANTICS MINOR ERROR: To make the query have correct semantics, it was changed to, ''. . This quiz was graded as an advanced quiz. We placed more weight on results, then semantics and finally syntax."
190,1,IPC033-295 v1,SELECT name FROM Artist WHERE death_date IS NULL;,1,1," SEMANTICS MINOR ERROR: To make the query have correct semantics, it was changed to, ''. . This quiz was graded as an advanced quiz. We placed more weight on results, then semantics and finally syntax."
191,1,IPC033-295 v1,SELECT name FROM Artist WHERE death_date IS NULL;,1,1," SEMANTICS MINOR ERROR: To make the query have correct semantics, it was changed to, ''. . This quiz was graded as an advanced quiz. We placed more weight on results, then semantics and finally syntax."
192,1,IPC033-295 v1,SELECT name FROM Artist WHERE death_date IS NULL ;,0.5,1,". This quiz was graded as an advanced quiz. We placed more weight on results, then semantics and finally syntax."
193,1,IPC033-295 v1,SELECT name FROM Artist WHERE death_date IS NULL;,1,1," SEMANTICS MINOR ERROR: To make the query have correct semantics, it was changed to, ''. . This quiz was graded as an advanced quiz. We placed more weight on results, then semantics and finally syntax."
194,1,IPC033-295 v1,SELECT name FROM Artist WHERE death_date IS NULL;,1,1," SEMANTICS MINOR ERROR: To make the query have correct semantics, it was changed to, ''. . This quiz was graded as an advanced quiz. We placed more weight on results, then semantics and finally syntax."
195,1,IPC033-295 v1,SELECT name FROM Artist WHERE death_date IS NULL;,1,1," SEMANTICS MINOR ERROR: To make the query have correct semantics, it was changed to, ''. . This quiz was graded as an advanced quiz. We placed more weight on results, then semantics and finally syntax."
196,1,IPC033-295 v1,SELECT name FROM Artist WHERE death_date <> NULL,0,1," SEMANTICS: The query does not have correct semantics. . This quiz was graded as an advanced quiz. We placed more weight on results, then semantics and finally syntax."
197,1,IPC033-295 v1,SELECT name FROM Artist WHERE death_date NOT NULL;,0,1," SEMANTICS: Since the query is not parseable, we could not verify the semantics. . This quiz was graded as an advanced quiz. We placed more weight on results, then semantics and finally syntax."
198,1,IPC033-295 v1,SELECT name FROM Artist WHERE death_date = NULL;,0,1," SEMANTICS: The query does not have correct semantics. . This quiz was graded as an advanced quiz. We placed more weight on results, then semantics and finally syntax."
199,1,IPC033-295 v1,SELECT name FROM Artist WHERE death_date IS NULL;,1,1," SEMANTICS MINOR ERROR: To make the query have correct semantics, it was changed to, ''. . This quiz was graded as an advanced quiz. We placed more weight on results, then semantics and finally syntax."
200,1,IPC033-295 v1,SELECT name FROM artist WHERE death_date IS NULL;,1,1," SEMANTICS MINOR ERROR: To make the query have correct semantics, it was changed to, ''. . This quiz was graded as an advanced quiz. We placed more weight on results, then semantics and finally syntax."
201,1,IPC033-295 v1,select Artist.name from Artist  where Artist.death_date is null,0,1," SEMANTICS: The query does not have correct semantics. . This quiz was graded as an advanced quiz. We placed more weight on results, then semantics and finally syntax."
202,1,IPC033-295 v1,SELECT A.name FROM Artist A WHERE A.death_date IS NULL ;,0.5,1,". This quiz was graded as an advanced quiz. We placed more weight on results, then semantics and finally syntax."
203,1,IPC033-295 v1,SELECT name FROM Artist WHERE death_date IS NULL;,1,1," SEMANTICS MINOR ERROR: To make the query have correct semantics, it was changed to, ''. . This quiz was graded as an advanced quiz. We placed more weight on results, then semantics and finally syntax."
204,1,IPC033-295 v1,SELECT name FROM Artist WHERE death_date = NULL,0,1," SEMANTICS: The query does not have correct semantics. . This quiz was graded as an advanced quiz. We placed more weight on results, then semantics and finally syntax."
205,1,IPC033-295 v1,SELECT A1.name FROM A1.Artist WHERE A1.artist_id NOT IN ( SELECT A2.artist_id FROM A2.Artist WHERE A2.death_date IS NOT NULL AND A1.artist_id = A2.artist_id);,0,1,"The query could not be executed. SEMANTICS: The query does not have correct semantics. . Catalog Error: Table with name Artist does not exist!Did you mean ""memory.Artist""?LINE 1: SELECT A1.name FROM A1.Artist WHERE A1.artist_id NOT IN ( S...                            ^. This quiz was graded as an advanced quiz. We placed more weight on results, then semantics and finally syntax."
206,1,IPC033-295 v1,select name from artist where death_rate is not null,0.5,1,"The query could not be executed.. Binder Error: Referenced column ""death_rate"" not found in FROM clause!Candidate bindings: ""artist.death_date""LINE 1: select name from artist where death_rate is not null                                      ^. This quiz was graded as an advanced quiz. We placed more weight on results, then semantics and finally syntax."
207,1,IPC033-295 v1,SELECT name FROM Artist WHERE death_date IS NULL;,1,1," SEMANTICS MINOR ERROR: To make the query have correct semantics, it was changed to, ''. . This quiz was graded as an advanced quiz. We placed more weight on results, then semantics and finally syntax."
208,1,IPC033-295 v1,SELECT name FROM Artist WHERE death_date IS NULL;,1,1," SEMANTICS MINOR ERROR: To make the query have correct semantics, it was changed to, ''. . This quiz was graded as an advanced quiz. We placed more weight on results, then semantics and finally syntax."
209,1,IPC033-295 v1,SELECT name  FROM Artist  WHERE death_date=NULL,0,1," SEMANTICS: The query does not have correct semantics. . This quiz was graded as an advanced quiz. We placed more weight on results, then semantics and finally syntax."
210,1,IPC033-295 v1,SELECT name FROM Artist  WHERE death_date IS NOT NULL;,1,1," SEMANTICS MINOR ERROR: To make the query have correct semantics, it was changed to, 'SELECT name FROM Artist WHERE death_date IS NULL;'. . This quiz was graded as an advanced quiz. We placed more weight on results, then semantics and finally syntax."
211,1,IPC033-295 v1,SELECT name FROM Artist WHERE death_date IS NULL;,1,1," SEMANTICS MINOR ERROR: To make the query have correct semantics, it was changed to, ''. . This quiz was graded as an advanced quiz. We placed more weight on results, then semantics and finally syntax."
212,1,IPC033-295 v1,SELECT name FROM Artist WHERE death_date IS NULL;,1,1," SEMANTICS MINOR ERROR: To make the query have correct semantics, it was changed to, ''. . This quiz was graded as an advanced quiz. We placed more weight on results, then semantics and finally syntax."
213,1,IPC033-295 v1,SELECT Artist.name FROM Artist WHERE death_date IS NULL;,0,1," SEMANTICS: The query does not have correct semantics. . This quiz was graded as an advanced quiz. We placed more weight on results, then semantics and finally syntax."
214,1,IPC033-295 v1,SELECT name FROM Artist WHERE death_date IS NULL;,1,1," SEMANTICS MINOR ERROR: To make the query have correct semantics, it was changed to, ''. . This quiz was graded as an advanced quiz. We placed more weight on results, then semantics and finally syntax."
215,1,IPC033-295 v1,SELECT name FROM Artist WHERE death_date IS NULL;,1,1," SEMANTICS MINOR ERROR: To make the query have correct semantics, it was changed to, ''. . This quiz was graded as an advanced quiz. We placed more weight on results, then semantics and finally syntax."
216,1,IPC033-295 v1,SELECT Artist.name FROM Artist WHERE Artist.death_date IS NULL,0,1," SEMANTICS: The query does not have correct semantics. . This quiz was graded as an advanced quiz. We placed more weight on results, then semantics and finally syntax."
217,1,IPC033-295 v1,SELECT name FROM Artist WHERE death_date IS NULL;,1,1," SEMANTICS MINOR ERROR: To make the query have correct semantics, it was changed to, ''. . This quiz was graded as an advanced quiz. We placed more weight on results, then semantics and finally syntax."
218,1,IPC033-295 v1,SELECT name FROM Artist WHERE death_date IS NULL;,1,1," SEMANTICS MINOR ERROR: To make the query have correct semantics, it was changed to, ''. . This quiz was graded as an advanced quiz. We placed more weight on results, then semantics and finally syntax."
219,1,IPC033-295 v1,SELECT Artist.name FROM Artist WHERE Artist.death_date IS NULL;,0,1," SEMANTICS: The query does not have correct semantics. . This quiz was graded as an advanced quiz. We placed more weight on results, then semantics and finally syntax."
220,1,IPC033-295 v1,SELECT name FROM Artist WHERE death_date IS NOT NULL;,1,1," SEMANTICS MINOR ERROR: To make the query have correct semantics, it was changed to, 'SELECT name FROM Artist WHERE death_date IS NULL;'. . This quiz was graded as an advanced quiz. We placed more weight on results, then semantics and finally syntax."
221,1,IPC033-295 v1,SELECT name FROM Artist WHERE NOT Artist.death_date IS NULL;,0,1," SEMANTICS: The query does not have correct semantics. . This quiz was graded as an advanced quiz. We placed more weight on results, then semantics and finally syntax."
222,1,IPC033-295 v1,select name from Artist where death_date is null;,1,1," SEMANTICS MINOR ERROR: To make the query have correct semantics, it was changed to, ''. . This quiz was graded as an advanced quiz. We placed more weight on results, then semantics and finally syntax."
223,1,IPC033-295 v1,SELECT name FROM Artist WHERE death_date IS NULL;,1,1," SEMANTICS MINOR ERROR: To make the query have correct semantics, it was changed to, ''. . This quiz was graded as an advanced quiz. We placed more weight on results, then semantics and finally syntax."
224,1,IPC033-295 v1,SELECT name FROM Artist WHERE death_date IS NULL;,1,1," SEMANTICS MINOR ERROR: To make the query have correct semantics, it was changed to, ''. . This quiz was graded as an advanced quiz. We placed more weight on results, then semantics and finally syntax."
225,1,IPC033-295 v1,SELECT name FROM Artist WHERE death_date IS NULL;,1,1," SEMANTICS MINOR ERROR: To make the query have correct semantics, it was changed to, ''. . This quiz was graded as an advanced quiz. We placed more weight on results, then semantics and finally syntax."
226,1,IPC033-295 v1,SELECT name  FROM Artist WHERE death_date IS NULL;,1,1," SEMANTICS MINOR ERROR: To make the query have correct semantics, it was changed to, ''. . This quiz was graded as an advanced quiz. We placed more weight on results, then semantics and finally syntax."
227,1,IPC033-295 v1,SELECT name FROM Artist WHERE death_date IS NULL,0.5,1,". This quiz was graded as an advanced quiz. We placed more weight on results, then semantics and finally syntax."
228,1,IPC033-295 v1,SELECT name FROM Artist WHERE death_date IS NULL;,1,1," SEMANTICS MINOR ERROR: To make the query have correct semantics, it was changed to, ''. . This quiz was graded as an advanced quiz. We placed more weight on results, then semantics and finally syntax."
229,1,IPC033-295 v1,SELECT name FROM Artist WHERE death_date IS NULL;,1,1," SEMANTICS MINOR ERROR: To make the query have correct semantics, it was changed to, ''. . This quiz was graded as an advanced quiz. We placed more weight on results, then semantics and finally syntax."
230,1,IPC033-295 v1,SELECT name FROM Artist WHERE death_date IS NULL;,1,1," SEMANTICS MINOR ERROR: To make the query have correct semantics, it was changed to, ''. . This quiz was graded as an advanced quiz. We placed more weight on results, then semantics and finally syntax."
231,1,IPC033-295 v1,SELECT name FROM Artist WHERE death_date IS NULL;,1,1," SEMANTICS MINOR ERROR: To make the query have correct semantics, it was changed to, ''. . This quiz was graded as an advanced quiz. We placed more weight on results, then semantics and finally syntax."
232,1,IPC033-295 v1,SELECT name FROM Artist WHERE death_date IS NULL;,1,1," SEMANTICS MINOR ERROR: To make the query have correct semantics, it was changed to, ''. . This quiz was graded as an advanced quiz. We placed more weight on results, then semantics and finally syntax."
233,1,IPC033-295 v1,SELECT name FROM Artist WHERE death_date IS NULL;,1,1," SEMANTICS MINOR ERROR: To make the query have correct semantics, it was changed to, ''. . This quiz was graded as an advanced quiz. We placed more weight on results, then semantics and finally syntax."
235,1,IPC033-295 v1,SELECT name FROM Artist WHERE NOT EXISTS( SELECT death_rate FROM Artist WHERE death_rate IS NOT NULL);,0,1,"The query could not be executed. SEMANTICS: The query does not have correct semantics. . Binder Error: Referenced column ""death_rate"" not found in FROM clause!Candidate bindings: ""Artist.death_date"". This quiz was graded as an advanced quiz. We placed more weight on results, then semantics and finally syntax."
236,1,IPC033-295 v1,SELECT name FROM Artist WHERE death_date IS NULL;,1,1," SEMANTICS MINOR ERROR: To make the query have correct semantics, it was changed to, ''. . This quiz was graded as an advanced quiz. We placed more weight on results, then semantics and finally syntax."
237,1,IPC033-295 v1,SELECT name FROM Artist WHERE death_date IS NULL;,1,1," SEMANTICS MINOR ERROR: To make the query have correct semantics, it was changed to, ''. . This quiz was graded as an advanced quiz. We placed more weight on results, then semantics and finally syntax."
238,1,IPC033-295 v1,SELECT name FROM Artist WHERE NOT death_date IS NULL;,1,1," SEMANTICS MINOR ERROR: To make the query have correct semantics, it was changed to, 'SELECT name FROM Artist WHERE death_date IS NULL;'. . This quiz was graded as an advanced quiz. We placed more weight on results, then semantics and finally syntax."
239,1,IPC033-295 v1,SELECT name FROM Artist WHERE death_date IS NULL;,1,1," SEMANTICS MINOR ERROR: To make the query have correct semantics, it was changed to, ''. . This quiz was graded as an advanced quiz. We placed more weight on results, then semantics and finally syntax."
240,1,IPC033-295 v1,SELECT name  FROM Artist WHERE death_date IS NULL;,1,1," SEMANTICS MINOR ERROR: To make the query have correct semantics, it was changed to, ''. . This quiz was graded as an advanced quiz. We placed more weight on results, then semantics and finally syntax."
241,1,IPC033-295 v1,SELECT name FROM Artist  WHERE death_date is NULL  ;,0.5,1,". This quiz was graded as an advanced quiz. We placed more weight on results, then semantics and finally syntax."
242,1,IPC033-295 v1,SELECT name  FROM Artist  WHERE death_date IS NULL;,1,1," SEMANTICS MINOR ERROR: To make the query have correct semantics, it was changed to, ''. . This quiz was graded as an advanced quiz. We placed more weight on results, then semantics and finally syntax."
244,1,IPC033-295 v1,SELECT name FROM Artist WHERE death_date IS NULL;,1,1," SEMANTICS MINOR ERROR: To make the query have correct semantics, it was changed to, ''. . This quiz was graded as an advanced quiz. We placed more weight on results, then semantics and finally syntax."
245,1,IPC033-295 v1,SELECT name FROM Artist WHERE death_date IS NULL;,1,1," SEMANTICS MINOR ERROR: To make the query have correct semantics, it was changed to, ''. . This quiz was graded as an advanced quiz. We placed more weight on results, then semantics and finally syntax."
246,1,IPC033-295 v1,SELECT name FROM Artist WHERE death_date IS NULL ;,0.5,1,". This quiz was graded as an advanced quiz. We placed more weight on results, then semantics and finally syntax."
247,1,IPC033-295 v1,SELECT name FROM Artist WHERE death_date IS NULL;,1,1," SEMANTICS MINOR ERROR: To make the query have correct semantics, it was changed to, ''. . This quiz was graded as an advanced quiz. We placed more weight on results, then semantics and finally syntax."
248,1,IPC033-295 v1,SELECT name  FROM Artist WHERE death_date IS NULL;,1,1," SEMANTICS MINOR ERROR: To make the query have correct semantics, it was changed to, ''. . This quiz was graded as an advanced quiz. We placed more weight on results, then semantics and finally syntax."
249,1,IPC033-295 v1,SELECT name FROM Artist WHERE death_date IS NULL;,1,1," SEMANTICS MINOR ERROR: To make the query have correct semantics, it was changed to, ''. . This quiz was graded as an advanced quiz. We placed more weight on results, then semantics and finally syntax."
250,1,IPC033-295 v1,SELECT name FROM Artist WHERE death_date IS NULL;,1,1," SEMANTICS MINOR ERROR: To make the query have correct semantics, it was changed to, ''. . This quiz was graded as an advanced quiz. We placed more weight on results, then semantics and finally syntax."
251,1,IPC033-295 v1,SELECT name FROM Artist WHERE death_date = NULL;,0,1," SEMANTICS: The query does not have correct semantics. . This quiz was graded as an advanced quiz. We placed more weight on results, then semantics and finally syntax."
252,1,IPC033-295 v1,SELECT name FROM Artist WHERE death_date IS NULL;,1,1," SEMANTICS MINOR ERROR: To make the query have correct semantics, it was changed to, ''. . This quiz was graded as an advanced quiz. We placed more weight on results, then semantics and finally syntax."
253,1,IPC033-295 v1,SELECT name  FROM Artist  WHERE Artist.death_date IS NULL;,0,1," SEMANTICS: The query does not have correct semantics. . This quiz was graded as an advanced quiz. We placed more weight on results, then semantics and finally syntax."
254,1,IPC033-295 v1,SELECT name FROM Artist WHERE death_date IS NULL;,1,1," SEMANTICS MINOR ERROR: To make the query have correct semantics, it was changed to, ''. . This quiz was graded as an advanced quiz. We placed more weight on results, then semantics and finally syntax."
255,1,IPC033-295 v1,SELECT name FROM Artist WHERE death_date IS NULL;,1,1," SEMANTICS MINOR ERROR: To make the query have correct semantics, it was changed to, ''. . This quiz was graded as an advanced quiz. We placed more weight on results, then semantics and finally syntax."
256,1,IPC033-295 v1,SELECT name FROM Artist WHERE death_date IS NULL;,1,1," SEMANTICS MINOR ERROR: To make the query have correct semantics, it was changed to, ''. . This quiz was graded as an advanced quiz. We placed more weight on results, then semantics and finally syntax."
257,1,IPC033-295 v1,SELECT name  FROM Artist  WHERE death_date IS NULL;,1,1," SEMANTICS MINOR ERROR: To make the query have correct semantics, it was changed to, ''. . This quiz was graded as an advanced quiz. We placed more weight on results, then semantics and finally syntax."
258,1,IPC033-295 v1,SELECT Artist.name FROM Artist WHERE Artist.death_date IS NOT NULL;,0,1," SEMANTICS: The query does not have correct semantics. . This quiz was graded as an advanced quiz. We placed more weight on results, then semantics and finally syntax."
